datetime: '20250801_173415'
final_energy: 5.805564149200464
final_epsilon: 0.1012445014862919
final_iterations: 100
final_mesh_stats:
  max_triangle_area: 0.013667265441610364
  mean_triangle_area: 0.010250449081207761
  min_triangle_area: 0.006833632720805165
  n_angular: 16
  n_radial: 8
  n_triangles: 224
  n_vertices: 128
  r_inner: 0.5
  r_outer: 1.0
  theoretical_area: 2.356194490192345
  total_area: 2.2961005941905386
hostname: MacBookPro.lan
input_parameters:
  RING_PARAMS:
    n_angular: 16
    n_radial: 8
    r_inner: 0.5
    r_outer: 1.0
  initial_condition_path: null
  lambda_penalty: 0.0
  n_angular_increment: 0
  n_radial_increment: 0
  refinement_levels: 1
  seed: 42
  use_analytic: 1
  use_custom_initial_condition: 0
optimizer: PySLSQP
platform: macOS-15.4-x86_64-i386-64bit
python_version: 3.9.7
run_time_seconds: 9.279577016830444
solution_path: results/run_20250801_173415_npart2_nr8_na16_lam0.0_seed42/ring_part2_nr8_na16_lam0.0_seed42_20250801_173415.h5
success: false
user: estebanvelez
