datetime: '20250818_130835'
final_energy: 0.2709797664231769
final_epsilon: 0.037941193943281215
final_iterations: 600
final_mesh_stats:
  dim: 2
  max_triangle_area: 0.001919378930455583
  mean_triangle_area: 0.0014395341978416791
  min_triangle_area: 0.0009596894652277846
  n_triangles: 1624
  n_vertices: 841
  total_area: 2.3378035372948864
hostname: MacBookPro.lan
input_parameters:
  lambda_penalty: 0.0
  refinement_levels: 2
  resolution_labels:
  - nr
  - na
  resolution_summary:
  - 24-29_incr5
  - 24-29_incr5
  seed: 42
  surface: ring
  use_analytic: true
levels:
- N: 576
  epsilon: 0.045934059995645864
  level: 0
  na: 24
  nr: 24
  v_sum: 2.3293714059226867
- N: 841
  epsilon: 0.037941193943281215
  level: 1
  na: 29
  nr: 29
  v_sum: 2.337803537294887
optimizer: PGD
platform: macOS-15.4-x86_64-i386-64bit
python_version: 3.9.7
run_time_seconds: 16.501160144805908
solution_path: results/run_20250818_130835_surfring_npart2_v1nr24-29_incr5_v2na24-29_incr5_lam0.0_seed42/surface_part2_surfring_v1nr24-29_incr5_v2na24-29_incr5_lam0.0_seed42_20250818_130835.h5
success: true
user: estebanvelez
