datetime: '20250818_125247'
final_energy: 0.24897404311490967
final_epsilon: 0.05701733235039641
final_iterations: 1000
final_mesh_stats:
  dim: 2
  max_triangle_area: 0.004334634917807424
  mean_triangle_area: 0.003250976188355561
  min_triangle_area: 0.0021673174589037034
  n_triangles: 714
  n_vertices: 378
  total_area: 2.321196998485871
hostname: MacBookPro.lan
input_parameters:
  lambda_penalty: 0.0
  refinement_levels: 2
  resolution_labels:
  - nr
  - na
  resolution_summary:
  - 16-18_incr2
  - 20-21_incr1
  seed: 42
  surface: ring
  use_analytic: true
levels:
- N: 320
  epsilon: 0.062150723484822305
  level: 0
  na: 20
  nr: 16
  v_sum: 2.317627457812106
- N: 378
  epsilon: 0.05701733235039641
  level: 1
  na: 21
  nr: 18
  v_sum: 2.3211969984858705
optimizer: PGD
platform: macOS-15.4-x86_64-i386-64bit
python_version: 3.9.7
run_time_seconds: 25.02670693397522
solution_path: results/run_20250818_125247_surfring_npart2_v1nr16-18_incr2_v2na20-21_incr1_lam0.0_seed42/surface_part2_surfring_v1nr16-18_incr2_v2na20-21_incr1_lam0.0_seed42_20250818_125247.h5
success: true
user: estebanvelez
