datetime: '20250811_163438'
final_energy: 6.430075188180529
final_epsilon: 0.07343067097361872
final_iterations: 999
final_mesh_stats:
  max_triangle_area: 0.007189417919514489
  mean_triangle_area: 0.00539206343963585
  min_triangle_area: 0.0035947089597572275
  n_angular: 24
  n_radial: 10
  n_triangles: 432
  n_vertices: 240
  r_inner: 0.5
  r_outer: 1.0
  theoretical_area: 2.356194490192345
  total_area: 2.3293714059226867
hostname: MacBookPro.lan
input_parameters:
  RING_PARAMS:
    n_angular: 24
    n_radial: 10
    r_inner: 0.5
    r_outer: 1.0
  initial_condition_path: null
  lambda_penalty: 0.0
  n_angular_increment: 0
  n_radial_increment: 2
  refinement_levels: 2
  seed: 42
  use_analytic: 1
  use_custom_initial_condition: 0
optimizer: PySLSQP
platform: macOS-15.4-x86_64-i386-64bit
python_version: 3.9.7
run_time_seconds: 265.6876139640808
solution_path: results/run_20250811_163438_npart2_nr8-10_incr2_na24-24_inca0_lam0.0_seed42/ring_part2_nr8-10_incr2_na24-24_inca0_lam0.0_seed42_20250811_163438.h5
success: false
user: estebanvelez
