datetime: '20250811_165716'
final_energy: 6.187888998933367
final_epsilon: 0.06386896177040007
final_iterations: 799
final_mesh_stats:
  max_triangle_area: 0.005438992370171782
  mean_triangle_area: 0.004079244277628825
  min_triangle_area: 0.0027194961850858764
  n_angular: 26
  n_radial: 12
  n_triangles: 572
  n_vertices: 312
  r_inner: 0.5
  r_outer: 1.0
  theoretical_area: 2.356194490192345
  total_area: 2.333327726803688
hostname: MacBookPro.lan
input_parameters:
  RING_PARAMS:
    n_angular: 26
    n_radial: 12
    r_inner: 0.5
    r_outer: 1.0
  initial_condition_path: null
  lambda_penalty: 0.0
  n_angular_increment: 1
  n_radial_increment: 2
  refinement_levels: 3
  seed: 42
  use_analytic: 1
  use_custom_initial_condition: 0
optimizer: PySLSQP
platform: macOS-15.4-x86_64-i386-64bit
python_version: 3.9.7
run_time_seconds: 498.3963339328766
solution_path: results/run_20250811_165716_npart2_nr8-12_incr2_na24-26_inca1_lam0.0_seed42/ring_part2_nr8-12_incr2_na24-26_inca1_lam0.0_seed42_20250811_165716.h5
success: false
user: estebanvelez
