datetime: '20250814_172048'
final_energy: 12.773111816500158
final_epsilon: 0.06312117776900665
final_iterations: 599
final_mesh_stats:
  dim: 2
  max_triangle_area: 0.005312377443928741
  mean_triangle_area: 0.00398428308294654
  min_triangle_area: 0.002656188721964357
  n_triangles: 578
  n_vertices: 306
  total_area: 2.3029156219431
hostname: MacBookPro.lan
input_parameters:
  lambda_penalty: 0.0
  refinement_levels: 2
  resolution_labels:
  - nr
  - na
  resolution_summary:
  - 16-18_incr2
  - 16-17_incr1
  seed: 42
  surface: ring
  use_analytic: true
levels:
- N: 256
  epsilon: 0.0691631614702771
  level: 0
  na: 16
  nr: 16
  v_sum: 2.2961005941905386
- N: 306
  epsilon: 0.06312117776900665
  level: 1
  na: 17
  nr: 18
  v_sum: 2.3029156219431
optimizer: PySLSQP
platform: macOS-15.4-x86_64-i386-64bit
python_version: 3.9.7
run_time_seconds: 342.1729419231415
solution_path: results/run_20250814_172048_surfring_npart2_v1nr16-18_incr2_v2na16-17_incr1_lam0.0_seed42/surface_part2_surfring_v1nr16-18_incr2_v2na16-17_incr1_lam0.0_seed42_20250814_172048.h5
success: false
user: estebanvelez
