datetime: '20250812_140916'
final_energy: 6.086009802030871
final_epsilon: 0.047886779477485084
final_iterations: 799
final_mesh_stats:
  max_triangle_area: 0.0030575248649670583
  mean_triangle_area: 0.0022931436487252863
  min_triangle_area: 0.0015287624324835194
  n_angular: 30
  n_radial: 18
  n_triangles: 1020
  n_vertices: 540
  r_inner: 0.5
  r_outer: 1.0
  theoretical_area: 2.356194490192345
  total_area: 2.3390065216997926
hostname: MacBookPro.lan
input_parameters:
  RING_PARAMS:
    n_angular: 30
    n_radial: 18
    r_inner: 0.5
    r_outer: 1.0
  initial_condition_path: null
  lambda_penalty: 0.0
  n_angular_increment: 6
  n_radial_increment: 8
  refinement_levels: 2
  seed: 42
  use_analytic: 1
  use_custom_initial_condition: 0
optimizer: PySLSQP
platform: macOS-15.4-x86_64-i386-64bit
python_version: 3.9.7
run_time_seconds: 19250.413543224335
solution_path: results/run_20250812_140916_npart2_nr10-18_incr8_na24-30_inca6_lam0.0_seed42/ring_part2_nr10-18_incr8_na24-30_inca6_lam0.0_seed42_20250812_140916.h5
success: false
user: estebanvelez
