datetime: '20250811_182838'
final_energy: 6.260860367608762
final_epsilon: 0.05137617155035584
final_iterations: 799
final_mesh_stats:
  max_triangle_area: 0.003519348004228804
  mean_triangle_area: 0.002639511003171593
  min_triangle_area: 0.0017596740021143921
  n_angular: 26
  n_radial: 18
  n_triangles: 884
  n_vertices: 468
  r_inner: 0.5
  r_outer: 1.0
  theoretical_area: 2.356194490192345
  total_area: 2.333327726803688
hostname: MacBookPro.lan
input_parameters:
  RING_PARAMS:
    n_angular: 26
    n_radial: 18
    r_inner: 0.5
    r_outer: 1.0
  initial_condition_path: null
  lambda_penalty: 0.0
  n_angular_increment: 2
  n_radial_increment: 8
  refinement_levels: 2
  seed: 42
  use_analytic: 1
  use_custom_initial_condition: 0
optimizer: PySLSQP
platform: macOS-15.4-x86_64-i386-64bit
python_version: 3.9.7
run_time_seconds: 7567.012058019638
solution_path: results/run_20250811_182838_npart2_nr10-18_incr8_na24-26_inca2_lam0.0_seed42/ring_part2_nr10-18_incr8_na24-26_inca2_lam0.0_seed42_20250811_182838.h5
success: false
user: estebanvelez
