datetime: '20250813_002308'
final_energy: 16.472453129110434
final_epsilon: 0.02626849243379781
final_iterations: 99
final_mesh_stats:
  max_triangle_area: 0.0009200449263259938
  mean_triangle_area: 0.0006900336947444929
  min_triangle_area: 0.00046002246316299085
  n_angular: 46
  n_radial: 38
  n_triangles: 3404
  n_vertices: 1748
  r_inner: 0.5
  r_outer: 1.0
  theoretical_area: 2.356194490192345
  total_area: 2.348874696910254
hostname: MacBookPro.lan
input_parameters:
  RING_PARAMS:
    n_angular: 46
    n_radial: 38
    r_inner: 0.5
    r_outer: 1.0
  initial_condition_path: null
  lambda_penalty: 0.0
  n_angular_increment: 8
  n_radial_increment: 10
  refinement_levels: 3
  seed: 42
  use_analytic: 1
  use_custom_initial_condition: 0
optimizer: PySLSQP
platform: macOS-15.4-x86_64-i386-64bit
python_version: 3.9.7
run_time_seconds: 74613.95264816284
solution_path: results/run_20250813_002308_npart2_nr18-38_incr10_na30-46_inca8_lam0.0_seed42/ring_part2_nr18-38_incr10_na30-46_inca8_lam0.0_seed42_20250813_002308.h5
success: false
user: estebanvelez
