datetime: '20250816_141534'
final_energy: 24.786478528736687
final_epsilon: 0.043187662054531395
final_iterations: 599
final_mesh_stats:
  dim: 2
  max_triangle_area: 0.00248689887164856
  mean_triangle_area: 0.001865174153736411
  min_triangle_area: 0.0012434494358242718
  n_triangles: 1250
  n_vertices: 650
  total_area: 2.331467692170513
hostname: MacBookPro.lan
input_parameters:
  lambda_penalty: 0.0
  refinement_levels: 2
  resolution_labels:
  - nr
  - na
  resolution_summary:
  - 24-26_incr2
  - 24-25_incr1
  seed: 42
  surface: ring
  use_analytic: true
levels:
- N: 576
  epsilon: 0.045934059995645864
  level: 0
  na: 24
  nr: 24
  v_sum: 2.3293714059226867
- N: 650
  epsilon: 0.043187662054531395
  level: 1
  na: 25
  nr: 26
  v_sum: 2.3314676921705138
optimizer: PySLSQP
platform: macOS-15.4-x86_64-i386-64bit
python_version: 3.9.7
run_time_seconds: 13701.757815122604
solution_path: results/run_20250816_141534_surfring_npart2_v1nr24-26_incr2_v2na24-25_incr1_lam0.0_seed42/surface_part2_surfring_v1nr24-26_incr2_v2na24-25_incr1_lam0.0_seed42_20250816_141534.h5
success: false
user: estebanvelez
